400  400  0.949530
400  480  0.635050
400  560  0.816700
400  640  1.513620
400  720  0.654243
400  800  0.417667
400  880  3.327270
400  960  0.688700
400  1040  0.720336
400  1120  0.828485
400  1200  0.621788
400  1280  0.747576
400  1360  0.620333
400  1440  0.475700
400  1520  0.379359
400  1600  0.747879
400  1680  0.498700
400  1760  0.846061
400  1840  1.209000
400  1920  0.580667
400  2000  0.518454
480  400  0.493285
480  480  0.468426
480  560  0.524792
480  640  0.892300
480  720  1.207160
480  800  0.395037
480  880  0.649855
480  960  0.308900
480  1040  0.657600
480  1120  0.440200
480  1200  0.391272
480  1280  0.675768
480  1360  0.573700
480  1440  1.710910
480  1520  0.484200
480  1600  0.374454
480  1680  0.000000
480  1760  0.507901
480  1840  0.539695
480  1920  0.635700
480  2000  0.552588
560  400  0.300879
560  480  0.186711
560  560  0.551700
560  640  0.163300
560  720  0.490000
560  800  0.297200
560  880  2.984245
560  960  0.695143
560  1040  0.461400
560  1120  0.460189
560  1200  0.219700
560  1280  0.346800
560  1360  0.903500
560  1440  0.331700
560  1520  0.303100
560  1600  0.416606
560  1680  0.754440
560  1760  0.305300
560  1840  0.293400
560  1920  0.343844
560  2000  0.432970
640  400  0.507519
640  480  0.350128
640  560  0.537600
640  640  0.473800
640  720  0.608801
640  800  0.397833
640  880  0.435317
640  960  0.300553
640  1040  0.429364
640  1120  0.425300
640  1200  1.428135
640  1280  0.242091
640  1360  0.776932
640  1440  0.338872
640  1520  0.981000
640  1600  1.188000
640  1680  0.584121
640  1760  0.713220
640  1840  0.905600
640  1920  0.834815
640  2000  1.074635
720  400  0.189304
720  480  0.238342
720  560  0.541200
720  640  0.670851
720  720  0.782317
720  800  1.272119
720  880  0.345066
720  960  0.541314
720  1040  0.335716
720  1120  0.646200
720  1200  0.804200
720  1280  0.420900
720  1360  0.712800
720  1440  0.362637
720  1520  0.357879
720  1600  1.122000
720  1680  0.399394
720  1760  1.015000
720  1840  0.679700
720  1920  0.820186
720  2000  0.411848
800  400  0.673849
800  480  0.262121
800  560  0.335606
800  640  0.407800
800  720  0.258400
800  800  1.989395
800  880  0.728943
800  960  1.319000
800  1040  1.057029
800  1120  1.323000
800  1200  0.814813
800  1280  0.636200
800  1360  1.732105
800  1440  0.759163
800  1520  0.386821
800  1600  1.379000
800  1680  0.327200
800  1760  1.043000
800  1840  0.603687
800  1920  0.604500
800  2000  0.868700
880  400  0.505394
880  480  0.191200
880  560  1.152305
880  640  0.633376
880  720  0.810200
880  800  0.447500
880  880  0.940900
880  960  1.193000
880  1040  0.552600
880  1120  1.027000
880  1200  0.976058
880  1280  0.964200
880  1360  0.356162
880  1440  1.181105
880  1520  0.969900
880  1600  0.476545
880  1680  1.182340
880  1760  0.655800
880  1840  0.629394
880  1920  0.270400
880  2000  0.615300
960  400  0.646333
960  480  0.294200
960  560  0.607561
960  640  0.280680
960  720  0.816120
960  800  0.611667
960  880  1.620000
960  960  0.965420
960  1040  0.258800
960  1120  1.343000
960  1200  1.308000
960  1280  1.343000
960  1360  0.964265
960  1440  0.373145
960  1520  0.304478
960  1600  0.427891
960  1680  0.421939
960  1760  1.456000
960  1840  0.596700
960  1920  1.996455
960  2000  0.432100
1040  400  0.596545
1040  480  0.482606
1040  560  1.053525
1040  640  0.437500
1040  720  2.663145
1040  800  0.451339
1040  880  0.271700
1040  960  0.702600
1040  1040  0.627270
1040  1120  1.101615
1040  1200  1.744030
1040  1280  0.972200
1040  1360  0.564703
1040  1440  0.690400
1040  1520  1.381000
1040  1600  0.307900
1040  1680  0.576200
1040  1760  0.684703
1040  1840  0.523596
1040  1920  1.777000
1040  2000  0.554385
1120  400  0.857576
1120  480  0.351454
1120  560  0.604667
1120  640  0.203900
1120  720  0.390115
1120  800  2.044240
1120  880  0.761900
1120  960  2.095760
1120  1040  0.434045
1120  1120  1.238000
1120  1200  1.838000
1120  1280  1.277575
1120  1360  1.401000
1120  1440  0.422465
1120  1520  0.872000
1120  1600  0.545300
1120  1680  0.745900
1120  1760  1.229000
1120  1840  0.735200
1120  1920  1.061000
1120  2000  6.840300
1200  400  1.012727
1200  480  0.239152
1200  560  0.743540
1200  640  0.575750
1200  720  0.797010
1200  800  1.115759
1200  880  0.816500
1200  960  0.433364
1200  1040  1.006360
1200  1120  0.916110
1200  1200  1.173000
1200  1280  1.454240
1200  1360  1.389000
1200  1440  1.368340
1200  1520  0.536300
1200  1600  0.711041
1200  1680  0.827000
1200  1760  1.088000
1200  1840  0.784000
1200  1920  1.025305
1200  2000  1.387000
1280  400  0.935151
1280  480  0.827390
1280  560  3.831135
1280  640  0.551584
1280  720  0.507400
1280  800  0.398900
1280  880  1.382000
1280  960  0.493300
1280  1040  1.157000
1280  1120  1.142095
1280  1200  2.094000
1280  1280  1.216061
1280  1360  1.021740
1280  1440  0.925500
1280  1520  3.546060
1280  1600  1.118000
1280  1680  2.584000
1280  1760  0.597632
1280  1840  1.371955
1280  1920  1.744900
1280  2000  0.722762
1360  400  0.842727
1360  480  0.383061
1360  560  0.215546
1360  640  0.852700
1360  720  0.508151
1360  800  0.982610
1360  880  0.867700
1360  960  0.618500
1360  1040  1.469000
1360  1120  0.946100
1360  1200  1.144000
1360  1280  1.616670
1360  1360  3.385000
1360  1440  2.755455
1360  1520  0.647400
1360  1600  1.431000
1360  1680  1.274135
1360  1760  0.529300
1360  1840  1.359000
1360  1920  3.959820
1360  2000  0.527100
1440  400  0.973333
1440  480  0.266300
1440  560  1.263334
1440  640  0.776970
1440  720  0.626265
1440  800  0.288750
1440  880  0.712565
1440  960  0.821836
1440  1040  0.693983
1440  1120  0.857512
1440  1200  3.235000
1440  1280  2.478120
1440  1360  1.466075
1440  1440  2.359000
1440  1520  1.462000
1440  1600  1.557880
1440  1680  1.276065
1440  1760  1.998030
1440  1840  1.011535
1440  1920  0.989600
1440  2000  0.954300
1520  400  0.940002
1520  480  0.273849
1520  560  3.170280
1520  640  0.303169
1520  720  0.551450
1520  800  0.515747
1520  880  0.958000
1520  960  0.680091
1520  1040  0.787800
1520  1120  1.647545
1520  1200  2.216000
1520  1280  1.397150
1520  1360  2.594240
1520  1440  1.306970
1520  1520  1.935000
1520  1600  3.014850
1520  1680  0.803600
1520  1760  3.243635
1520  1840  1.670000
1520  1920  5.300620
1520  2000  0.968635
1600  400  0.841516
1600  480  0.279232
1600  560  0.395734
1600  640  0.181940
1600  720  0.649202
1600  800  1.167635
1600  880  1.141835
1600  960  0.654576
1600  1040  0.818200
1600  1120  0.919700
1600  1200  1.604000
1600  1280  2.227000
1600  1360  2.165000
1600  1440  4.203605
1600  1520  1.481000
1600  1600  1.445000
1600  1680  3.450000
1600  1760  2.765710
1600  1840  1.674000
1600  1920  2.749000
1600  2000  2.235205
1680  400  0.706363
1680  480  0.562245
1680  560  0.457703
1680  640  0.883585
1680  720  0.515300
1680  800  0.865910
1680  880  1.212000
1680  960  1.705950
1680  1040  0.912000
1680  1120  0.882800
1680  1200  1.279000
1680  1280  1.240000
1680  1360  3.354000
1680  1440  2.380000
1680  1520  2.119000
1680  1600  1.247272
1680  1680  2.225335
1680  1760  2.282500
1680  1840  4.834105
1680  1920  1.239500
1680  2000  1.255000
1760  400  0.892119
1760  480  0.635720
1760  560  0.311000
1760  640  0.368406
1760  720  0.403476
1760  800  0.537200
1760  880  0.447751
1760  960  1.041095
1760  1040  1.210315
1760  1120  1.298000
1760  1200  1.198000
1760  1280  2.921000
1760  1360  2.146090
1760  1440  2.200000
1760  1520  1.288120
1760  1600  2.833940
1760  1680  4.797850
1760  1760  2.899680
1760  1840  5.867275
1760  1920  2.618135
1760  2000  8.956699
1840  400  1.166968
1840  480  0.430485
1840  560  0.561219
1840  640  0.543595
1840  720  0.524700
1840  800  0.936655
1840  880  1.350304
1840  960  0.610170
1840  1040  1.024000
1840  1120  1.710060
1840  1200  1.839000
1840  1280  1.299000
1840  1360  1.406000
1840  1440  2.958500
1840  1520  1.767000
1840  1600  5.608290
1840  1680  2.501880
1840  1760  3.327880
1840  1840  3.043000
1840  1920  3.841485
1840  2000  1.409000
1920  400  1.238785
1920  480  0.647212
1920  560  0.528394
1920  640  0.445971
1920  720  0.449959
1920  800  0.756300
1920  880  0.654667
1920  960  0.710029
1920  1040  1.304880
1920  1120  1.274000
1920  1200  1.551575
1920  1280  2.001210
1920  1360  1.163000
1920  1440  4.359275
1920  1520  2.762000
1920  1600  3.510000
1920  1680  6.509090
1920  1760  3.161820
1920  1840  4.997015
1920  1920  6.958000
1920  2000  3.520000
2000  400  0.983634
2000  480  0.186818
2000  560  0.645698
2000  640  0.511042
2000  720  0.153353
2000  800  0.466312
2000  880  0.898304
2000  960  1.185454
2000  1040  0.981817
2000  1120  1.415000
2000  1200  2.198320
2000  1280  1.433940
2000  1360  2.762000
2000  1440  3.386865
2000  1520  4.403470
2000  1600  5.483725
2000  1680  6.099000
2000  1760  5.184000
2000  1840  9.530315
2000  1920  3.851000
2000  2000  3.409000
